..34-

ii, 91111 fraumentorum 4111111111 oio codicibus 111 ousion
oiaoois 1111111)

1111111 1811111111 11111. 11113111111111
- - - 7, 23 ·
7, 22 7, 22 7, 22 7, 22
1,18 · 118 Ι1, 18 · 1,18
1,1 11 1,1 1,1
- — , - 6, 35
- - — 6, 43 1144111111)
-’ - - 4, 33

4, 49 (pars) 4, 49 p. 4,.49 p. 4, 49 p..
5,8 5,8 6,13 5,8
8, 14 - 1, 111 11 41 κ-

5, 18 ἵ), 18 8, 57 5, 18
1, 11 , 1, 18 8, 11 181-

6, 13 6, 13 9, 42 6,13
6, 31 6, 31 10, 28;29; 32 6, 31 et 33

1111 111111111 1111
7, 53 ’7,53, 11, 341135 7,·13
7, 62 7, 62 7, 53 7, 62
7, 63 7, 63 7, 621163 7, 63 1164
7, 66 7, 66 1811181126 7, 66
7, 70 7, io 7, 66 7, io ¹
1,11 ' 1,·11 1111111 1,11

· 8,15 8,15 8,15 8,15
8,11 8,11 8,11 8,-11111111111)
-- 8, 34 8, 34 8,·34·

8, 48 148 8, 48 8, 48
. 8,14;11;118,14;11;11 114 1141111
11114111 1141 (1111 11141 111141

11)(11111111111111111111111111 11111111 7, inMo lp 11‚'’‘ 111 Boenique-
1120.41111111111111111111111111111181111 1111111111111111111111111111 ·
1111111111 istius ’11111 contaminandi, initium certe proferro libet. Se·
1111111111 igitur: 141117, 22, Aoi. 1, 223 111117, 18, Aoi 1, 28, Ant. 7, 7,
4491 A.e15‚;222‚29oto.

 

